1252
142 371 28 40 12 39 39
142 372 15 14 27 4 28
142 373 12 25 39 13 16
142 374 14 15 7 26 48
142 375 17 42 47 47 5
142 376 29 18 19 25 41
142 377 44 12 18 44 4
142 378 27 1 14 40 5
142 379 50 22 39 33 36
142 380 11 20 27 23 22
142 381 24 0 4 13 31
142 382 45 25 28 36 16
142 383 4 12 18 29 13
142 384 8 2 29 7 1
142 385 23 11 2 29 9
142 386 35 14 14 24 47
142 387 17 43 27 26 46
142 388 42 5 29 14 14
142 389 41 2 27 48 4
142 390 29 19 10 9 12
142 391 29 50 26 33 41
142 392 43 48 21 6 5
142 393 22 21 22 7 50
142 394 10 34 43 33 8
142 395 41 14 49 39 40
142 396 47 35 19 44 12
142 397 10 48 9 0 7
142 398 41 46 50 5 32
142 399 8 2 17 6 27
142 400 21 29 9 30 23
142 401 11 10 40 8 39
142 402 33 16 4 36 24
142 403 7 3 42 41 8
142 404 19 43 16 2 34
142 405 42 33 8 12 29
142 406 20 41 24 37 49
142 407 5 45 42 25 7
142 408 37 18 15 45 35
142 409 23 37 40 23 50
142 410 17 41 2 19 38
142 411 17 33 38 15 30
142 412 40 43 31 7 41
142 413 8 33 1 15 0
142 414 34 44 45 19 8
142 415 28 34 28 5 28
142 416 15 22 4 4 48
142 417 22 24 33 47 40
142 418 39 48 37 3 36
142 419 4 37 2 41 25
142 420 8 44 9 2 36
142 421 12 2 9 44 45
142 422 38 38 47 10 28
142 423 41 7 8 37 6
142 424 25 43 26 4 36
142 425 49 33 37 36 6
142 426 1 2 24 10 37
142 427 23 29 24 20 32
142 428 8 48 2 36 27
142 429 6 33 19 36 42
142 430 2 43 14 38 40
142 431 28 16 46 11 36
142 432 2 29 41 48 48
142 433 34 14 39 33 29
142 434 19 11 13 4 27
142 435 25 29 47 25 16
142 436 27 31 22 28 16
142 437 21 39 29 10 48
142 438 43 23 3 47 16
142 439 4 26 12 18 9
142 440 33 48 10 9 20
142 441 33 28 43 33 31
142 442 15 26 4 48 25
142 443 34 12 50 22 29
142 444 20 6 11 12 50
142 445 0 33 39 50 5
142 446 1 4 47 9 0
142 447 41 44 46 21 2
142 448 21 47 9 17 26
142 449 40 34 45 37 18
142 450 19 27 3 22 26
142 451 22 45 42 44 19
142 452 13 5 1 9 22
142 453 28 2 41 9 3
142 454 40 14 3 38 17
142 455 6 21 3 23 50
142 456 47 29 25 47 35
142 457 19 48 24 11 20
142 458 10 35 40 36 2
142 459 3 5 26 2 42
142 460 3 45 24 34 16
142 461 5 12 17 16 24
142 462 26 20 19 24 25
142 463 20 32 50 20 44
142 464 46 21 45 44 30
142 465 20 17 13 29 43
142 466 20 9 38 11 11
142 467 48 32 48 1 10
142 468 49 31 0 0 19
142 469 14 27 12 29 20
142 470 10 24 34 42 36
142 471 31 41 0 42 14
142 472 31 5 40 8 39
142 473 10 42 41 19 17
142 474 18 34 30 43 2
142 475 1 36 38 32 26
142 476 18 28 26 32 39
142 477 41 18 49 21 29
142 478 29 33 30 0 22
142 479 31 46 48 31 17
142 480 40 21 49 37 2
142 481 7 25 2 3 35
142 482 20 8 13 33 34
142 483 48 34 18 5 39
142 484 14 23 20 43 36
142 485 39 23 39 28 30
142 486 28 26 40 18 12
142 487 33 41 7 31 6
142 488 3 0 5 43 43
142 489 2 39 30 13 50
142 490 33 41 5 46 21
142 491 40 48 4 26 33
142 492 26 46 45 1 28
142 493 48 13 6 45 6
142 494 26 41 7 14 43
142 495 24 34 6 12 48
142 496 16 23 10 8 32
142 497 23 24 1 43 16
142 498 23 20 42 27 46
142 499 10 25 20 3 11
142 500 17 23 27 3 3
142 501 3 1 47 48 16
142 502 37 50 34 6 50
142 503 33 1 8 50 41
142 504 6 21 15 9 10
142 505 48 0 34 9 8
142 506 26 16 35 15 19
142 507 22 10 6 42 7
142 508 42 43 16 40 19
142 509 11 13 49 3 7
142 510 42 27 10 3 30
142 511 0 20 11 17 44
142 512 11 1 24 22 32
142 513 29 10 24 38 18
142 514 39 5 16 40 23
142 515 40 31 0 8 41
142 516 35 0 2 25 48
142 517 8 40 14 26 45
142 518 5 34 35 30 27
142 519 43 46 9 0 41
142 520 49 50 10 20 2
142 521 19 22 37 38 47
142 522 13 15 30 25 22
142 523 0 37 46 35 26
142 524 22 48 14 33 10
142 525 11 3 43 16 50
142 526 21 20 48 1 49
142 527 49 27 40 16 41
142 528 10 5 47 25 14
142 529 6 28 35 23 0
142 530 23 3 2 11 5
142 531 11 21 31 2 1
142 532 1 16 24 0 32
142 533 44 37 33 15 0
142 534 1 15 30 15 11
142 535 3 39 19 48 28
142 536 45 25 44 40 7
142 537 30 28 12 2 38
142 538 46 25 30 3 19
142 539 21 26 9 31 27
142 540 25 0 30 5 42
142 541 32 48 17 34 32
142 542 12 21 37 10 32
142 543 36 31 24 15 21
142 544 22 14 14 46 27
142 545 27 8 24 43 9
142 546 10 13 36 30 30
142 547 1 7 39 37 11
142 548 37 35 4 20 44
142 549 39 8 20 25 48
142 550 45 50 1 33 9
142 551 46 26 48 14 7
142 552 23 39 36 26 3
142 553 32 36 6 4 43
142 554 44 17 40 22 8
142 555 46 22 0 13 25
142 556 10 1 25 33 47
142 557 4 41 41 38 23
142 558 20 33 43 35 19
142 559 28 23 42 14 29
142 560 25 1 26 13 14
142 561 41 13 42 49 46
142 562 25 44 33 46 10
142 563 3 22 13 32 4
142 564 19 4 8 14 42
142 565 5 18 40 21 1
142 566 9 14 13 5 42
142 567 0 21 41 13 1
142 568 5 32 20 49 7
142 569 9 26 17 23 3
142 570 22 43 17 2 4
143 570 39 8 6 8 34
144 570 37 22 11 18 36
145 570 23 25 12 47 39
146 570 50 24 14 23 27
147 570 44 30 7 33 43
148 570 22 14 6 4 5
149 570 2 49 9 37 26
150 570 50 43 10 45 1
151 570 47 3 35 26 26
152 570 34 50 47 21 34
153 570 30 20 43 49 26
154 570 3 3 4 9 28
155 570 47 25 21 5 19
156 570 6 50 8 14 34
157 570 2 44 40 14 36
158 570 33 10 13 8 49
159 570 14 18 47 26 29
160 570 31 34 40 37 44
161 570 20 8 2 7 5
162 570 8 13 13 18 27
163 570 32 2 33 7 39
164 570 28 26 9 46 46
165 570 43 22 14 36 12
166 570 48 36 17 19 41
167 570 23 20 49 40 17
168 570 44 19 27 36 0
169 570 20 30 31 31 37
170 570 14 37 36 4 43
171 570 41 19 46 33 17
172 570 5 35 27 3 24
173 570 14 25 3 0 36
174 570 25 14 13 2 20
175 570 11 2 18 4 33
176 570 20 41 31 24 10
177 570 27 2 1 40 13
178 570 9 48 48 6 33
179 570 27 48 45 28 21
180 570 35 31 24 16 34
181 570 33 13 22 23 9
182 570 15 40 15 7 6
183 570 41 42 47 8 4
184 570 39 29 47 46 46
185 570 46 50 0 10 29
186 570 19 17 11 27 9
187 570 8 34 17 1 14
188 570 15 3 28 5 45
189 570 42 13 41 46 25
190 570 20 32 7 33 46
191 570 18 15 40 18 24
192 570 34 36 49 48 2
193 570 5 30 31 26 39
194 570 46 41 35 43 46
195 570 36 15 40 44 14
196 570 34 1 22 24 46
197 570 30 44 10 30 17
198 570 0 29 4 34 0
199 570 37 20 23 35 41
200 570 11 20 44 17 9
201 570 10 46 24 38 20
202 570 33 10 44 37 24
203 570 33 0 35 8 5
204 570 44 23 36 5 39
205 570 32 12 33 9 7
206 570 4 24 13 40 45
207 570 0 43 22 49 47
208 570 5 22 42 31 39
209 570 25 40 40 17 37
210 570 48 27 22 2 25
211 570 45 43 10 37 19
212 570 40 40 43 45 34
213 570 1 38 37 7 16
214 570 5 25 24 27 47
215 570 47 25 15 29 22
216 570 27 37 20 45 25
217 570 47 12 18 10 40
218 570 44 1 33 23 23
219 570 19 28 40 49 47
220 570 36 49 8 27 14
221 570 28 22 4 50 19
222 570 31 29 48 22 24
223 570 48 13 9 16 8
224 570 18 3 8 0 33
225 570 15 9 36 12 14
226 570 10 7 9 35 16
227 570 46 38 38 18 10
228 570 19 5 11 23 8
229 570 22 4 29 22 5
230 570 24 47 23 26 18
231 570 29 30 17 23 29
232 570 50 17 15 14 30
233 570 6 22 44 19 39
234 570 44 22 17 48 25
235 570 40 21 45 49 1
236 570 40 15 25 20 13
237 570 42 15 47 21 4
238 570 42 10 27 7 36
239 570 6 10 48 42 5
240 570 39 21 29 32 38
241 570 15 27 30 15 33
242 570 12 12 24 22 1
243 570 40 13 28 3 28
244 570 18 22 3 39 44
245 570 23 26 11 0 12
246 570 34 22 16 15 24
247 570 49 24 44 17 14
248 570 37 32 34 23 13
249 570 35 45 10 6 32
250 570 42 26 42 37 11
251 570 36 48 32 25 36
252 570 32 18 34 26 9
253 570 41 19 10 48 37
254 570 1 19 16 33 30
255 570 16 13 21 20 49
256 570 26 0 24 15 16
257 570 10 40 2 39 9
258 570 17 28 45 7 3
259 570 39 19 32 38 43
260 570 8 7 6 46 29
261 570 44 31 46 46 27
262 570 13 10 29 44 33
263 570 11 30 39 7 1
264 570 47 9 30 43 26
265 570 2 49 8 21 50
266 570 31 34 9 33 0
267 570 39 15 23 9 2
268 570 44 7 2 44 7
269 570 31 0 23 50 33
270 570 38 13 18 33 35
271 570 9 7 0 21 11
272 570 5 44 37 22 27
273 570 38 28 40 32 47
274 570 40 42 18 43 28
275 570 22 16 48 47 30
276 570 14 42 19 7 0
277 570 23 31 21 23 24
278 570 43 19 49 14 18
279 570 43 14 36 2 29
280 570 45 4 40 24 38
281 570 13 30 15 13 5
282 570 36 11 11 21 46
283 570 12 15 15 48 4
284 570 34 17 30 33 26
285 570 38 9 5 12 25
286 570 9 9 41 27 2
287 570 21 35 36 6 43
288 570 38 28 43 30 30
289 570 44 13 30 12 40
290 570 29 22 7 39 43
291 570 6 4 34 44 36
292 570 24 22 26 40 29
293 570 16 17 42 20 8
294 570 14 29 1 35 50
295 570 16 18 5 32 4
296 570 1 20 0 8 39
297 570 21 1 19 15 38
298 570 30 20 48 23 27
299 570 5 45 23 40 14
300 570 0 28 27 29 3
301 570 6 46 41 18 39
302 570 20 45 28 42 40
303 570 10 7 11 30 45
304 570 8 50 21 29 35
305 570 45 40 4 25 34
306 570 2 39 49 50 33
307 570 16 40 19 21 36
308 570 40 8 45 40 4
309 570 40 17 30 41 16
310 570 35 43 41 24 35
311 570 29 21 15 7 37
312 570 32 26 28 24 17
313 570 33 22 33 40 44
314 570 32 47 34 45 17
315 570 13 20 20 1 47
316 570 42 43 14 25 50
317 570 2 20 41 48 50
318 570 15 30 13 2 16
319 570 3 44 26 20 7
320 570 48 6 32 47 30
321 570 8 12 11 11 18
322 570 50 25 4 46 27
323 570 35 6 30 13 29
324 570 11 12 33 12 20
325 570 42 10 19 17 41
326 570 47 3 6 39 27
327 570 25 33 17 43 15
328 570 33 32 10 49 39
329 570 1 16 26 25 1
330 570 40 24 31 24 40
331 570 31 18 43 39 47
332 570 0 17 41 40 37
333 570 2 13 22 0 44
334 570 23 19 16 9 28
335 570 31 0 44 19 2
336 570 9 45 20 48 13
337 570 0 23 33 5 29
338 570 25 15 1 49 2
339 570 36 31 31 25 18
340 570 13 46 12 26 16
341 570 4 35 0 9 5
342 570 44 42 49 10 7
343 570 37 31 19 14 20
344 570 0 47 10 33 25
345 570 42 5 21 2 5
346 570 49 48 13 13 9
347 570 5 10 42 39 10
348 570 35 37 36 47 14
349 570 39 20 14 8 32
350 570 21 8 12 36 2
351 570 35 37 43 28 10
352 570 28 44 18 10 25
353 570 22 12 19 47 28
354 570 44 36 31 24 16
355 570 19 12 10 28 18
356 570 30 6 21 10 40
357 570 28 44 15 41 48
358 570 3 26 8 48 43
359 570 37 44 14 25 49
360 570 42 22 37 24 1
361 570 23 40 46 18 38
362 570 39 20 21 43 34
363 570 7 40 35 43 50
364 570 46 39 41 38 19
365 570 27 18 27 25 18
366 570 20 23 30 29 15
367 570 24 39 38 12 44
368 570 37 28 37 4 12
369 570 36 50 28 17 2
370 570 47 30 26 43 27
371 570 23 47 13 31 39
372 570 17 25 37 34 36
373 570 2 46 29 26 13
374 570 30 41 12 32 2
375 570 18 35 38 8 13
376 570 19 2 29 13 47
377 570 37 23 22 23 9
378 570 16 45 16 35 27
379 570 1 15 12 38 41
380 570 33 24 23 11 3
381 570 26 0 22 4 32
382 570 5 22 24 20 46
383 570 40 19 18 12 44
384 570 14 20 3 44 48
385 570 17 45 1 18 46
386 570 28 35 6 50 25
387 570 9 46 29 41 25
388 570 43 19 45 7 18
389 570 1 41 45 27 27
390 570 45 24 43 32 42
391 570 21 10 39 38 4
392 570 13 28 11 27 16
393 570 26 36 40 27 35
394 570 22 24 48 41 16
395 570 29 44 17 35 16
396 570 39 27 12 0 20
397 570 2 14 30 2 38
398 570 6 17 28 45 37
399 570 38 40 3 6 19
400 570 29 9 49 0 3
401 570 40 10 46 24 13
402 570 40 1 35 27 7
403 570 48 33 7 19 20
404 570 45 4 50 32 1
405 570 21 40 21 32 40
406 570 20 39 42 40 39
407 570 9 32 32 5 4
408 570 23 21 10 25 22
409 570 24 37 14 24 23
410 570 45 19 43 24 19
411 570 5 0 15 30 46
412 570 42 47 40 50 23
413 570 42 30 13 25 17
414 570 31 37 9 10 5
415 570 27 19 19 19 1
416 570 16 1 16 26 47
417 570 9 49 19 27 26
418 570 20 5 48 46 23
419 570 3 29 39 18 25
420 570 26 24 6 1 21
421 570 7 8 29 25 27
422 570 10 37 1 19 3
423 570 29 35 23 12 17
424 570 36 43 19 48 48
425 570 37 48 44 10 48
426 570 16 5 43 9 12
427 570 16 27 34 4 15
428 570 1 16 32 36 23
429 570 40 23 32 8 37
429 571 45 8 19 25 23
429 572 28 6 14 48 0
429 573 44 27 42 41 12
429 574 33 40 38 42 49
429 575 43 11 36 2 9
429 576 24 6 44 6 20
429 577 32 11 20 14 2
429 578 6 4 5 47 22
429 579 33 37 45 33 9
429 580 20 20 25 37 41
429 581 22 16 42 19 50
429 582 10 38 7 1 21
429 583 13 50 21 39 12
429 584 42 48 24 6 43
429 585 31 30 35 47 27
429 586 32 29 20 7 5
429 587 10 29 17 20 36
429 588 38 48 4 8 48
429 589 25 11 12 7 11
429 590 20 24 49 10 8
429 591 32 24 30 35 12
429 592 27 45 1 17 22
429 593 20 12 41 17 20
429 594 6 48 23 43 38
429 595 4 36 15 46 26
429 596 50 9 13 48 29
429 597 40 33 37 45 22
429 598 46 27 7 25 37
429 599 30 6 48 20 19
429 600 41 11 19 25 40
429 601 10 15 21 5 31
429 602 34 33 38 0 35
429 603 1 37 24 37 17
429 604 9 0 7 17 34
429 605 29 0 13 1 19
429 606 46 40 15 35 22
429 607 27 41 11 19 39
429 608 9 30 24 15 48
429 609 44 7 37 10 24
429 610 6 46 44 31 40
429 611 2 29 1 47 14
429 612 7 10 1 33 46
429 613 30 43 8 4 0
429 614 20 9 14 45 49
429 615 47 45 19 40 42
429 616 8 21 46 47 26
429 617 16 14 13 38 18
429 618 27 14 40 1 42
429 619 29 0 20 49 19
429 620 9 26 32 3 5
429 621 4 25 24 11 29
429 622 34 33 32 25 40
429 623 23 49 6 41 26
429 624 48 11 33 31 25
429 625 40 39 22 7 49
429 626 10 27 17 2 36
429 627 14 47 3 45 14
429 628 3 42 40 11 21
429 629 50 26 43 50 7
429 630 4 36 13 38 26
429 631 47 49 5 42 6
429 632 37 5 7 10 36
429 633 15 48 1 30 38
429 634 38 47 30 32 43
429 635 14 8 6 1 0
429 636 16 20 31 38 43
429 637 48 37 17 7 27
429 638 49 7 45 15 31
429 639 35 33 49 44 27
429 640 15 33 12 20 12
429 641 4 10 26 8 15
429 642 15 13 45 13 20
429 643 11 12 20 39 26
429 644 38 49 23 34 14
429 645 8 25 22 23 6
429 646 4 36 9 50 5
429 647 11 14 20 0 37
429 648 27 34 8 25 10
429 649 1 36 7 8 11
429 650 27 4 37 8 5
429 651 8 40 9 0 12
429 652 22 13 39 0 9
429 653 38 47 27 45 20
429 654 27 8 38 16 32
429 655 37 15 35 37 39
429 656 29 13 36 38 1
429 657 39 28 10 43 40
429 658 43 17 0 20 41
429 659 38 50 6 0 23
429 660 27 12 43 49 10
429 661 42 8 24 34 29
429 662 3 6 30 31 13
429 663 33 15 1 34 36
429 664 12 14 45 31 4
429 665 8 3 16 29 49
429 666 20 40 38 17 28
429 667 27 24 44 26 50
429 668 50 39 13 9 41
429 669 35 25 11 44 45
429 670 21 40 10 16 47
429 671 2 37 50 12 28
429 672 31 44 5 38 22
429 673 3 17 22 39 27
429 674 42 35 39 36 38
429 675 3 24 36 28 12
429 676 20 11 19 48 22
429 677 33 50 17 50 47
429 678 43 25 26 9 16
429 679 12 28 35 0 46
429 680 21 19 49 36 8
429 681 27 39 46 38 27
429 682 50 6 16 38 47
429 683 44 24 2 0 46
429 684 3 38 33 12 46
429 685 6 9 9 37 43
429 686 33 5 35 42 47
429 687 20 7 22 18 5
429 688 2 1 43 28 16
429 689 20 12 3 48 29
429 690 33 33 23 31 27
429 691 49 27 34 28 6
429 692 24 5 6 3 39
429 693 2 39 20 43 14
429 694 48 6 8 10 16
429 695 8 39 0 34 34
429 696 33 22 15 16 15
429 697 3 25 39 23 40
429 698 46 46 4 30 33
429 699 43 16 24 11 3
429 700 28 42 14 40 4
429 701 1 45 27 31 50
429 702 27 24 27 0 35
429 703 30 44 20 5 41
429 704 41 5 45 21 32
429 705 3 18 18 45 20
429 706 6 35 22 42 33
429 707 28 5 37 8 27
429 708 32 19 14 25 49
429 709 31 0 3 11 49
429 710 18 11 5 47 48
429 711 15 20 30 46 46
429 712 33 31 34 3 27
429 713 19 21 38 39 38
429 714 10 2 0 44 24
429 715 38 3 31 25 32
429 716 1 23 23 25 9
430 716 9 14 11 44 25
431 716 27 18 38 21 14
432 716 46 37 44 43 49
433 716 11 13 2 16 24
434 716 40 8 37 1 1
435 716 21 15 35 0 10
436 716 1 1 20 33 29
437 716 34 30 43 14 41
438 716 31 4 34 8 30
439 716 46 19 38 9 21
440 716 9 22 4 40 32
441 716 23 9 20 18 3
442 716 11 31 0 24 26
443 716 21 3 12 8 43
444 716 42 18 21 13 21
445 716 44 50 28 41 29
446 716 45 9 36 13 26
447 716 7 20 7 45 47
448 716 31 25 40 38 23
449 716 29 11 7 31 5
450 716 39 41 26 4 35
451 716 41 27 13 26 5
452 716 37 23 44 2 7
453 716 6 10 25 50 24
454 716 13 12 14 39 0
455 716 12 43 5 15 3
456 716 21 12 30 31 32
457 716 2 14 7 32 41
458 716 35 33 0 13 40
459 716 39 17 40 14 5
460 716 50 48 35 2 10
461 716 44 43 46 29 2
462 716 20 43 42 26 40
463 716 29 8 1 44 3
464 716 39 42 15 11 16
465 716 29 3 3 33 10
466 716 35 5 3 10 13
467 716 4 22 9 41 6
468 716 15 42 15 14 45
469 716 12 19 33 36 11
470 716 17 28 33 20 14
471 716 36 43 5 48 37
472 716 50 49 47 19 37
473 716 44 50 0 43 42
474 716 9 13 49 2 22
475 716 47 26 23 30 27
476 716 42 6 41 31 43
477 716 6 14 2 42 6
478 716 29 24 5 47 27
479 716 46 12 35 46 39
480 716 28 45 36 2 19
481 716 45 44 12 48 38
482 716 7 43 20 13 6
483 716 1 19 8 22 29
484 716 21 18 8 22 6
485 716 2 6 26 3 47
486 716 8 8 42 10 1
487 716 11 3 4 16 43
488 716 29 47 24 27 0
489 716 4 15 13 31 5
490 716 26 38 29 39 29
491 716 9 11 36 50 49
492 716 21 5 36 5 8
493 716 6 40 14 25 33
494 716 9 5 29 50 9
495 716 49 18 35 36 44
496 716 16 41 12 19 32
497 716 40 9 19 19 31
498 716 1 18 7 18 29
499 716 47 8 38 11 24
500 716 9 41 46 44 17
501 716 6 28 23 50 34
502 716 46 18 18 27 11
503 716 24 11 35 19 49
504 716 12 11 18 46 40
505 716 7 43 42 40 43
506 716 4 8 22 21 48
507 716 12 41 1 2 37
508 716 6 4 7 39 14
509 716 43 45 46 28 10
510 716 36 4 7 36 19
511 716 23 33 15 2 8
512 716 15 13 33 0 30
513 716 24 5 5 18 43
514 716 0 19 40 10 6
515 716 8 22 18 7 16
516 716 36 29 5 48 11
517 716 49 14 27 36 15
518 716 3 25 1 4 24
519 716 4 35 46 19 16
520 716 6 37 43 35 29
521 716 47 48 28 50 23
522 716 15 23 11 36 37
523 716 12 36 13 31 37
524 716 10 25 22 17 33
525 716 50 12 28 14 36
526 716 35 27 6 26 9
527 716 50 10 40 3 22
528 716 20 41 36 41 19
529 716 43 48 22 29 40
530 716 24 49 33 1 18
531 716 39 31 45 42 2
532 716 18 34 30 31 48
533 716 36 46 45 37 20
534 716 28 24 5 1 1
535 716 28 24 25 6 22
536 716 27 22 5 15 44
537 716 34 8 3 4 12
538 716 38 24 49 46 48
539 716 24 41 38 20 0
540 716 33 25 50 0 27
541 716 38 49 47 47 3
542 716 18 41 41 41 29
543 716 3 15 2 48 12
544 716 44 15 23 22 48
545 716 1 36 11 25 12
546 716 33 45 31 10 18
547 716 2 6 13 11 17
548 716 37 4 7 40 18
549 716 10 0 6 2 27
550 716 15 43 41 48 23
551 716 35 26 48 39 2
552 716 12 12 39 13 21
553 716 34 28 35 16 36
554 716 30 16 30 6 25
555 716 39 42 2 6 46
556 716 11 38 44 10 43
557 716 24 7 42 27 38
558 716 15 28 4 15 38
559 716 37 27 26 36 42
560 716 22 34 19 26 46
561 716 6 32 8 2 35
562 716 3 9 21 26 4
563 716 9 32 49 27 32
564 716 16 33 37 10 3
565 716 19 41 1 1 11
566 716 41 20 46 10 13
567 716 25 50 43 43 45
568 716 14 29 8 2 7
569 716 28 14 8 42 3
570 716 3 0 8 19 35
571 716 17 47 35 2 2
572 716 35 31 1 25 42
573 716 1 30 34 15 34
574 716 13 3 42 9 10
575 716 37 23 33 49 45
576 716 23 23 15 5 37
577 716 36 5 32 29 27
578 716 48 36 50 25 5
579 716 40 39 0 41 42
580 716 12 34 23 49 47
581 716 30 10 34 43 4
582 716 50 44 23 19 19
583 716 46 38 20 48 31
584 716 16 0 8 21 26
585 716 40 6 11 10 46
586 716 42 33 39 26 50
587 716 15 36 12 37 35
588 716 48 26 11 26 41
589 716 22 43 42 38 42
590 716 43 19 49 5 12
591 716 33 3 40 13 29
592 716 32 20 17 31 22
593 716 46 35 24 23 3
594 716 13 22 0 38 35
595 716 32 9 40 7 4
596 716 14 46 41 15 12
597 716 42 43 5 19 43
598 716 49 45 16 31 23
599 716 4 32 46 5 34
600 716 28 39 10 6 22
601 716 44 1 3 23 17
602 716 49 30 45 8 28
603 716 7 15 49 18 43
604 716 1 50 6 21 41
605 716 7 38 8 46 40
606 716 39 12 44 43 42
607 716 11 26 17 45 39
608 716 31 5 15 6 25
609 716 47 5 18 37 1
610 716 22 30 9 11 22
611 716 8 22 49 7 32
612 716 16 39 27 45 45
613 716 42 17 9 1 48
614 716 26 30 2 11 44
615 716 32 29 43 16 4
616 716 15 49 29 33 12
617 716 19 32 29 43 44
618 716 0 29 32 49 35
619 716 43 25 11 45 41
620 716 30 13 34 36 16
621 716 13 17 15 11 13
622 716 36 1 25 28 1
623 716 5 35 30 5 0
624 716 1 16 45 38 13
625 716 34 22 19 44 25
626 716 2 27 35 39 35
627 716 3 15 42 33 44
628 716 43 48 33 13 1
629 716 20 6 26 37 33
630 716 11 45 32 36 6
631 716 32 29 28 21 47
632 716 29 8 1 46 10
633 716 10 6 26 20 30
634 716 9 16 24 49 28
635 716 1 48 27 36 17
636 716 49 40 33 35 16
637 716 15 44 1 29 47
638 716 31 18 1 21 39
639 716 49 40 15 22 20
640 716 25 26 37 43 50
641 716 40 17 7 38 0
642 716 9 10 37 47 43
643 716 27 13 25 22 9
644 716 6 50 30 30 5
645 716 21 41 37 46 21
646 716 8 33 2 19 39
647 716 47 15 26 16 27
648 716 9 34 42 34 34
649 716 36 50 19 18 5
650 716 36 46 32 29 14
651 716 1 47 41 12 28
652 716 17 30 23 18 19
653 716 39 40 25 16 48
654 716 4 4 21 10 14
655 716 46 20 15 3 27
656 716 28 35 15 25 42
657 716 3 16 20 1 3
658 716 40 29 12 29 13
659 716 41 39 25 5 10
660 716 17 25 45 24 38
661 716 4 2 19 45 48
662 716 25 49 6 43 29
663 716 33 30 5 37 25
664 716 25 22 33 4 44
665 716 3 5 28 30 11
666 716 33 10 45 7 8
667 716 26 45 21 17 19
668 716 31 10 39 15 33
669 716 25 22 38 29 2
670 716 3 32 29 28 12
671 716 8 46 4 36 39
672 716 20 14 37 49 39
673 716 14 37 13 5 17
674 716 7 25 11 1 7
675 716 26 27 19 5 12
676 716 33 21 2 47 46
677 716 39 9 42 9 36
678 716 26 30 7 29 17
679 716 25 36 10 0 21
680 716 21 31 6 50 0
681 716 30 6 11 39 7
682 716 3 21 13 28 13
683 716 24 14 36 23 4
684 716 1 44 32 44 9
685 716 14 29 5 10 12
686 716 25 50 6 36 4
687 716 43 24 37 12 30
688 716 32 28 11 28 45
689 716 9 30 36 36 22
690 716 50 32 44 20 8
691 716 31 19 44 48 10
692 716 8 28 45 36 47
693 716 5 32 11 4 46
694 716 0 25 21 28 36
695 716 21 11 42 1 25
696 716 33 29 38 1 23
697 716 2 49 1 19 38
698 716 46 44 36 41 32
699 716 48 17 49 38 34
700 716 49 30 25 3 14
701 716 20 17 20 23 7
702 716 6 39 50 36 27
703 716 38 7 0 28 40
704 716 0 11 30 8 8
705 716 8 14 11 27 23
706 716 0 50 41 46 2
707 716 9 40 13 37 44
708 716 39 18 10 6 22
709 716 39 6 18 40 40
710 716 40 4 14 1 50
711 716 1 14 26 3 49
712 716 47 28 31 39 7
713 716 47 20 34 0 41
714 716 36 31 27 21 31
715 716 10 11 18 33 2
716 716 3 18 23 3 45
717 716 49 0 15 42 48
718 716 43 28 41 22 5
719 716 2 30 14 2 3
720 716 17 20 45 11 9
721 716 46 50 10 11 26
722 716 6 8 3 6 45
723 716 12 34 44 41 3
724 716 8 27 10 44 19
725 716 10 26 18 7 5
726 716 26 37 40 5 18
727 716 9 32 44 33 32
728 716 26 11 8 8 14
729 716 21 49 13 42 3
730 716 16 11 23 35 22
731 716 49 32 33 32 14
732 716 49 4 2 26 39
733 716 20 15 19 35 13
734 716 1 0 2 40 15
735 716 0 35 26 49 6
736 716 38 0 38 7 33
737 716 44 48 2 33 27
738 716 23 22 7 17 7
739 716 3 46 2 50 1
740 716 10 19 23 39 40
741 716 7 21 2 38 28
742 716 9 0 13 36 38
743 716 22 39 27 46 9
744 716 6 16 13 8 24
745 716 16 25 7 14 45
746 716 34 10 22 7 19
747 716 16 25 34 31 14
748 716 42 50 27 9 16
749 716 44 31 4 4 42
750 716 9 8 29 6 46
751 716 29 1 18 15 16
752 716 19 31 4 10 41
753 716 47 1 12 17 22
754 716 29 28 48 8 41
755 716 50 0 41 34 45
756 716 21 20 48 42 28
757 716 34 4 12 37 3
758 716 35 49 7 33 19
759 716 42 11 1 7 46
760 716 27 4 27 10 28
761 716 43 41 31 44 25
762 716 48 21 50 34 49
763 716 26 44 10 37 49
764 716 15 36 11 42 46
765 716 30 10 30 41 15
766 716 10 32 23 35 5
767 716 19 23 9 26 50
768 716 8 18 35 4 35
769 716 17 2 28 44 2
770 716 12 32 16 30 3
771 716 25 26 13 11 29
772 716 17 31 50 16 1
773 716 36 11 21 28 43
774 716 6 17 38 16 25
775 716 40 30 30 6 9
776 716 36 4 39 34 0
777 716 48 42 41 3 49
778 716 21 35 5 4 0
779 716 39 15 49 15 3
780 716 28 40 42 36 46
781 716 29 43 4 35 45
782 716 50 30 14 37 42
783 716 25 42 13 38 17
784 716 34 48 11 3 14
785 716 49 48 13 47 16
786 716 49 1 38 48 42
787 716 12 18 13 13 25
788 716 36 45 11 32 4
789 716 47 22 45 23 1
790 716 26 49 26 29 1
791 716 41 21 15 18 31
792 716 50 26 8 38 44
793 716 50 50 19 34 27
794 716 47 48 27 50 41
795 716 39 9 4 46 38
796 716 6 14 30 44 33
797 716 47 38 39 47 10
798 716 45 49 47 0 32
799 716 4 3 49 48 12
800 716 39 28 23 13 44
801 716 22 13 13 26 41
802 716 46 5 44 42 32
803 716 19 49 24 9 43
804 716 40 23 29 4 6
805 716 28 15 29 15 40
806 716 26 42 36 24 9
807 716 32 14 41 33 5
808 716 19 31 32 22 4
809 716 22 14 14 48 45
810 716 4 45 25 17 34
811 716 0 1 31 50 48
812 716 14 37 20 2 50
813 716 40 30 48 42 39
814 716 22 46 9 17 27
815 716 31 50 37 44 39
816 716 16 48 12 3 31
817 716 21 17 32 41 31
818 716 45 25 41 20 50
819 716 26 4 36 38 17
820 716 37 43 36 25 26
821 716 50 44 19 40 36
822 716 17 5 29 5 4
823 716 42 49 46 41 1
824 716 41 33 49 36 5
825 716 50 0 45 47 11
826 716 7 36 12 9 20
827 716 10 48 8 34 1
828 716 37 6 38 20 20
829 716 17 7 5 38 8
830 716 31 3 41 46 2
831 716 24 30 24 22 2
832 716 50 8 30 45 12
833 716 45 18 42 3 0
834 716 46 32 23 48 35
835 716 12 28 2 25 43
836 716 34 19 6 43 8
837 716 21 16 1 15 45
837 717 30 24 35 49 19
837 718 28 26 15 15 15
837 719 35 35 12 31 43
837 720 16 0 33 38 27
837 721 22 42 27 45 4
837 722 11 15 49 32 31
837 723 29 35 13 12 10
837 724 23 36 30 2 5
837 725 38 44 17 27 16
837 726 46 18 7 26 4
837 727 15 6 49 0 49
837 728 27 3 30 8 38
837 729 6 17 32 12 6
837 730 13 46 18 5 34
837 731 24 15 37 46 1
837 732 37 15 10 44 14
837 733 34 24 48 28 32
837 734 5 15 0 23 22
837 735 10 14 30 18 10
837 736 20 0 31 19 13
837 737 1 17 33 45 24
837 738 17 42 29 9 28
837 739 28 32 12 33 5
837 740 20 35 24 21 22
837 741 44 17 44 39 5
837 742 42 17 9 22 38
837 743 2 23 39 13 17
837 744 40 1 29 1 17
837 745 17 35 43 2 11
837 746 23 46 12 37 30
837 747 15 33 34 28 45
837 748 6 7 9 41 40
837 749 46 4 0 20 21
837 750 33 43 16 30 7
837 751 44 19 48 6 49
837 752 37 28 26 22 12
837 753 15 44 13 7 17
837 754 13 32 45 18 9
837 755 29 12 6 24 35
837 756 28 47 47 4 20
837 757 28 50 46 11 32
837 758 4 7 1 24 2
837 759 34 9 31 23 7
837 760 24 18 27 40 14
837 761 16 14 43 38 29
837 762 6 31 4 15 49
837 763 45 7 8 31 15
837 764 2 18 15 40 32
837 765 42 33 20 12 46
837 766 17 7 7 27 26
837 767 41 26 11 26 31
837 768 9 36 19 42 49
837 769 20 34 13 37 46
837 770 17 16 6 9 39
837 771 8 38 37 27 22
837 772 22 28 40 44 19
837 773 32 37 32 30 6
837 774 20 47 49 44 26
837 775 13 43 38 26 19
837 776 42 6 25 4 37
837 777 5 6 9 28 46
837 778 36 14 42 4 3
837 779 16 35 13 35 31
837 780 34 29 24 33 0
837 781 48 28 45 33 14
837 782 30 50 26 27 23
837 783 34 43 37 43 47
837 784 35 44 3 19 39
837 785 35 4 3 3 11
837 786 41 15 41 25 32
837 787 48 43 27 7 17
837 788 36 36 11 11 3
837 789 49 6 11 47 14
837 790 50 21 35 30 41
837 791 17 50 3 7 30
837 792 22 13 16 35 41
837 793 36 46 14 16 1
837 794 0 8 40 30 31
837 795 48 38 30 20 38
837 796 2 5 20 47 37
837 797 17 23 29 38 29
837 798 42 45 20 0 48
837 799 24 2 46 45 46
837 800 22 4 10 42 47
837 801 9 29 28 2 43
837 802 30 47 1 17 5
837 803 13 44 22 22 2
837 804 27 34 35 5 18
837 805 32 26 20 3 15
837 806 22 49 30 25 4
837 807 31 22 12 22 25
837 808 8 47 14 22 50
837 809 23 47 5 41 38
837 810 40 15 18 35 9
837 811 29 1 6 25 17
837 812 38 36 33 21 47
837 813 13 49 43 21 43
837 814 37 19 19 43 0
837 815 4 2 50 46 16
837 816 9 34 47 33 21
837 817 30 24 7 30 35
837 818 47 44 28 42 7
837 819 32 35 3 18 31
837 820 43 50 13 13 42
837 821 44 3 48 48 45
837 822 24 4 36 24 12
837 823 20 9 15 44 28
837 824 3 49 6 24 7
837 825 9 32 23 41 28
837 826 42 17 33 18 46
837 827 14 0 31 39 24
837 828 42 31 30 42 33
837 829 36 1 14 5 31
837 830 0 4 48 17 33
837 831 49 35 29 13 24
837 832 25 13 47 15 39
837 833 25 45 17 36 48
837 834 37 17 17 24 24
837 835 37 9 42 25 26
837 836 7 36 49 4 44
837 837 20 13 17 45 46
837 838 8 44 0 11 34
837 839 12 13 15 45 14
837 840 2 18 46 17 20
837 841 1 47 37 8 35
837 842 36 32 20 13 1
837 843 29 8 36 45 41
837 844 15 0 44 27 17
837 845 32 21 9 10 25
837 846 8 23 8 19 30
837 847 29 24 32 48 23
837 848 11 35 19 6 41
837 849 48 25 22 1 49
837 850 24 22 48 35 41
837 851 42 23 14 31 46
837 852 8 29 18 4 42
837 853 22 45 24 46 15
837 854 34 18 8 25 8
837 855 23 23 23 29 34
837 856 11 0 18 7 50
837 857 5 9 5 38 42
837 858 24 40 5 18 48
837 859 16 49 16 28 21
837 860 2 40 13 10 12
837 861 5 32 6 22 23
837 862 12 30 13 24 44
837 863 49 5 50 26 13
837 864 20 4 4 42 23
837 865 14 26 19 14 4
837 866 10 27 47 19 42
837 867 21 7 6 47 1
837 868 30 36 18 1 17
837 869 28 50 12 31 33
837 870 6 8 20 19 46
837 871 13 23 39 21 30
837 872 28 6 19 8 10
837 873 45 35 7 25 38
837 874 42 17 31 48 3
837 875 13 33 49 4 11
837 876 36 14 50 40 1
837 877 21 32 7 23 23
837 878 26 34 28 46 12
837 879 0 16 11 47 49
837 880 35 16 14 34 49
837 881 40 17 17 43 11
837 882 31 18 13 45 40
837 883 13 20 46 15 6
837 884 38 43 38 50 48
837 885 7 29 49 3 8
837 886 40 2 23 35 26
837 887 21 0 17 36 36
837 888 41 42 33 5 45
837 889 47 35 28 50 34
837 890 37 37 10 23 38
837 891 15 0 36 18 36
837 892 11 49 20 45 21
837 893 21 41 21 33 13
837 894 1 35 27 21 2
837 895 41 19 20 2 13
837 896 32 43 3 16 19
837 897 21 11 34 48 19
837 898 35 23 40 22 37
837 899 8 45 45 49 5
837 900 14 38 17 35 14
837 901 8 27 2 40 4
837 902 19 16 28 9 0
837 903 14 15 42 17 12
837 904 8 8 34 6 30
837 905 46 27 10 36 43
837 906 13 48 22 1 22
837 907 44 49 49 17 20
837 908 20 12 7 12 46
837 909 26 41 1 6 1
837 910 35 38 45 44 33
837 911 20 19 9 13 30
837 912 36 5 44 40 34
837 913 26 41 6 13 26
837 914 10 19 33 36 47
837 915 5 10 26 23 29
837 916 19 47 13 34 15
837 917 0 34 50 15 27
837 918 12 24 30 23 24
837 919 40 38 6 40 45
837 920 6 32 45 48 10
837 921 20 9 3 33 42
837 922 22 32 18 23 33
837 923 16 46 26 30 2
